0.011781 0.0134661
0.0196349 0.00228611
0.0274889 0.00145815
0.0353429 0.000625503
0.0431969 0.00386045
0.0510508 0.000178884
0.0589048 0.0137327
0.0667588 0.00389394
0.0746128 0.00742271
0.0824667 0.00316851
0.0903207 0.00715928
0.0981747 0.012828
0.106029 0.0281087
0.113883 0.00491985
0.121737 0.0598852
0.129591 0.0165726
0.137445 0.0154245
0.145299 0.00362153
0.153153 0.0542616
0.161006 0.00106911
0.16886 0.0300758
0.176714 0.0344685
0.184568 0.00224973
0.192422 0.0453787
0.200276 0.0140186
0.20813 0.00187055
0.215984 0.0157905
0.223838 0.0454014
0.231692 0.0803679
0.239546 0.0199952
0.2474 0.0119429
0.255254 0.0610374
0.263108 0.0721119
0.270962 0.0260511
0.278816 0.0263119
0.28667 0.052135
0.294524 0.0183997
0.302378 0.136803
0.310232 6.39818e-06
