0.01125 1.09742 0.0143346
0.011859 1.10705 0.0117086
0.012467 1.09925 0.0114971
0.013075 1.09286 0.0118891
0.013683 1.09319 0.0134836
0.014291 1.09036 0.0107142
0.014899 1.08465 0.00919555
0.015507 1.08178 0.00887264
0.016115 1.08124 0.0083039
0.016724 1.08477 0.00817344
0.017332 1.08387 0.00825435
0.01794 1.0792 0.00850355
0.018548 1.07739 0.00782967
0.019156 1.07766 0.00767189
0.019764 1.07146 0.00782885
0.020372 1.06857 0.00685672
0.02098 1.07328 0.00634926
0.021589 1.0721 0.00628826
0.022197 1.07017 0.00574496
0.022805 1.07078 0.00585402
0.023413 1.06757 0.00614412
0.024021 1.0691 0.00613369
0.024629 1.07178 0.00613294
0.025237 1.07024 0.00632798
0.025845 1.07024 0.00597466
0.026454 1.06624 0.0061022
0.027062 1.06489 0.00597866
0.02767 1.061 0.00582057
0.028278 1.06166 0.00609873
0.028886 1.05948 0.00630744
0.029494 1.0567 0.00612655
0.030102 1.05562 0.00591418
0.03071 1.05714 0.0058339
0.031319 1.05973 0.00575428
0.031927 1.06079 0.00551805
0.032535 1.05896 0.00536906
0.033143 1.05696 0.00542544
0.033751 1.05745 0.00557551
0.034359 1.05305 0.00589874
0.034967 1.05416 0.00611427
0.035575 1.05053 0.00590618
0.036184 1.04905 0.00582447
0.036792 1.04439 0.00567903
0.0374 1.04366 0.00572545
0.038008 1.04466 0.00605431
0.038616 1.04748 0.00616942
0.039224 1.04752 0.00599771
0.039832 1.04103 0.00629169
0.04044 1.03174 0.00661838
0.041049 1.03508 0.00564674
0.041657 1.04054 0.00519558
0.042265 1.03993 0.00522146
0.042873 1.04017 0.00513252
0.043481 1.03939 0.0052175
0.044089 1.03685 0.00509485
0.044697 1.03773 0.00496065
0.045305 1.03392 0.00485356
0.045914 1.03158 0.00500981
0.046522 1.02723 0.00499189
0.04713 1.0261 0.00522173
0.047738 1.02898 0.00564815
0.048346 1.02833 0.00591271
0.048954 1.02584 0.00609492
0.049562 1.02512 0.00618627
0.05017 1.02546 0.00611691
0.050779 1.02293 0.00602805
0.051387 1.02078 0.00634568
0.051995 1.02023 0.00646577
0.052603 1.01801 0.0065081
0.053211 1.01557 0.00638776
0.053819 1.01202 0.0062273
0.054427 1.0107 0.00621959
0.055035 1.01094 0.0061734
0.055644 1.00858 0.00605435
0.056252 1.00457 0.00614473
0.05686 1.00239 0.00703002
0.057468 1.0031 0.00748781
0.058076 1.00794 0.00771772
0.058684 1.01577 0.00831113
0.059292 1.01337 0.00837286
0.0599 1.00324 0.00828271
0.060509 0.995012 0.00818401
0.061117 0.986843 0.00818667
0.061725 0.988628 0.00871885
0.062333 0.993387 0.00913528
0.062941 0.994491 0.00916525
0.063549 0.996233 0.00905258
0.064157 0.992233 0.00928926
0.064765 0.993056 0.00946889
0.065374 1.00471 0.0101257
0.065982 1.01262 0.00994631
0.06659 1.01103 0.0105605
0.067198 1.00774 0.0112264
0.067806 1.00659 0.0111383
0.068414 1.01291 0.0112462
0.069022 1.0187 0.0112562
0.06963 1.01707 0.0114
0.070238 1.0129 0.0118968
0.070847 1.01401 0.0128931
0.071455 1.00871 0.0107771
0.072063 1.00683 0.0106143
0.072671 1.01266 0.0108492
0.073279 1.01411 0.011267
0.073887 1.00988 0.0112768
0.074495 1.00533 0.0113415
0.075103 0.998789 0.0117378
0.075712 0.999661 0.0125712
0.07632 1.01353 0.0159654
0.076928 1.0155 0.0237603
0.077536 1.02446 0.0237794
0.078144 1.02659 0.0166489
0.078752 1.03305 0.0143582
0.07936 1.0404 0.0136284
0.079968 1.03839 0.0135153
0.080576 1.04245 0.013941
0.081185 1.04767 0.0150392
0.081793 1.05638 0.0160161
0.082401 1.05596 0.0163116
0.083009 1.06291 0.0166403
0.083617 1.07032 0.0167621
0.084225 1.08255 0.0173205
0.084833 1.0829 0.017716
0.085441 1.08131 0.0180137
0.086049 1.07875 0.0182047
0.086658 1.09617 0.018921
0.087266 1.09212 0.0186945
0.087874 1.09033 0.0186745
0.088482 1.10935 0.0189497
0.08909 1.10774 0.0198955
0.089698 1.09811 0.0206979
0.090306 1.09906 0.0214335
0.090914 1.09663 0.021685
0.091522 1.08994 0.0220404
0.092131 1.0797 0.0215401
0.092739 1.08784 0.0214304
0.093347 1.07444 0.0215695
0.093955 1.07357 0.0221122
0.094563 1.06335 0.0230838
0.095171 1.08516 0.0234014
0.095779 1.12218 0.0236493
0.096387 1.1243 0.0242278
0.096995 1.13934 0.0256276
0.097604 1.135 0.025857
0.098212 1.11991 0.0261072
0.09882 1.12168 0.0261463
0.099428 1.15262 0.0269292
0.100036 1.15733 0.0260189
0.100644 1.1626 0.0261878
0.101252 1.17999 0.029796
0.10186 1.17209 0.0229516
0.102468 1.15832 0.0231618
0.103077 1.16275 0.0245463
0.103685 1.14212 0.0242349
0.104293 1.12897 0.0232798
0.104901 1.11038 0.0230904
0.105509 1.113 0.0230522
0.106117 1.10948 0.023423
0.106725 1.11028 0.0237485
0.107333 1.13285 0.0242511
0.107941 1.152 0.0246932
0.10855 1.15149 0.0251898
0.109158 1.16432 0.026307
0.109766 1.16396 0.0274436
0.110374 1.14307 0.027454
0.110982 1.15521 0.0277102
0.11159 1.13899 0.027622
0.112198 1.13286 0.0278622
0.112806 1.13035 0.0284376
0.113414 1.13287 0.0285399
0.114022 1.11788 0.0293505
0.114631 1.10837 0.0299395
0.115239 1.106 0.0291096
0.115847 1.12037 0.0284973
0.116455 1.12413 0.0281186
0.117063 1.1225 0.0292826
0.117671 1.113 0.0317125
0.118279 1.1319 0.0331478
0.118887 1.12265 0.0335248
0.119495 1.13103 0.0351689
0.120103 1.14589 0.0282529
0.120712 1.17958 0.0264132
0.12132 1.19657 0.026932
0.121928 1.20221 0.0268131
0.122536 1.17615 0.0267378
0.123144 1.13826 0.0258677
0.123752 1.10945 0.0258561
0.12436 1.10745 0.0261716
0.124968 1.11334 0.0263074
0.125576 1.10714 0.0262836
0.126184 1.11207 0.0270122
0.126793 1.12062 0.0270482
0.127401 1.12528 0.0289123
0.128009 1.14391 0.0288186
0.128617 1.15082 0.0303076
0.129225 1.12047 0.0290815
0.129833 1.14966 0.0302226
0.130441 1.09943 0.0285231
0.131049 1.10676 0.0295985
0.131657 1.12208 0.0309408
0.132265 1.12175 0.0329336
0.132873 1.12377 0.0329459
0.133482 1.12652 0.0324569
0.13409 1.18333 0.034931
0.134698 1.15617 0.0344737
0.135306 1.16777 0.035004
0.135914 1.16456 0.0363813
0.136522 1.12692 0.0348154
0.13713 1.1167 0.0348871
0.137738 1.11962 0.035345
0.138346 1.10735 0.035152
0.138954 1.12286 0.0353769
0.139562 1.11209 0.0353552
0.140171 1.12547 0.036689
0.140779 1.12144 0.0362661
0.141387 1.14141 0.0383445
0.141995 1.16128 0.0369473
0.142603 1.14434 0.0381385
0.143211 1.16975 0.0395373
0.143819 1.14049 0.0384458
0.144427 1.14395 0.0376949
0.145035 1.1595 0.0395298
0.145643 1.11795 0.0376196
0.146251 1.12905 0.0383928
0.14686 1.10444 0.0385001
0.147468 1.14708 0.0410573
0.148076 1.13296 0.0422049
0.148684 1.19149 0.0420968
0.149292 1.23195 0.0435852
0.1499 1.22223 0.0423268
0.150508 1.23336 0.0450124
0.151116 1.24399 0.0455634
0.151724 1.16639 0.0431449
0.152332 1.15067 0.041833
0.15294 1.13607 0.0408862
0.153548 1.12379 0.0405348
0.154156 1.18372 0.0456976
0.154765 1.16722 0.0442237
0.155373 1.17819 0.0448574
0.155981 1.13713 0.0423386
0.156589 1.16036 0.0451494
0.157197 1.21063 0.0487819
0.157805 1.19545 0.0462893
0.158413 1.23686 0.049257
0.159021 1.25271 0.0489253
0.159629 1.16343 0.0453892
0.160237 1.18891 0.0483384
0.160845 1.20957 0.0484471
0.161453 1.23406 0.0498165
0.162061 1.26614 0.0517235
0.16267 1.22043 0.0494427
0.163278 1.22935 0.0500606
0.163886 1.18963 0.0490553
0.164494 1.19047 0.0490223
0.165102 1.17595 0.0494429
0.16571 1.17758 0.0491911
0.166318 1.16965 0.0507547
0.166926 1.19022 0.0512809
0.167534 1.16555 0.0518066
0.168142 1.17468 0.0532938
0.16875 1.19441 0.0554324
0.169358 1.24557 0.0573592
0.169966 1.2184 0.0575963
0.170574 1.20554 0.0544864
0.171183 1.12936 0.0499453
0.171791 1.07936 0.0483562
0.172399 1.13697 0.053361
0.173007 1.16275 0.0542992
0.173615 1.09513 0.0533214
0.174223 1.12248 0.0577264
0.174831 1.11181 0.0585635
0.175439 1.1329 0.05733
0.176047 1.12864 0.0564007
0.176655 1.19156 0.0610773
0.177263 1.19857 0.0642367
0.177871 1.18078 0.0628279
0.178479 1.21883 0.0647182
0.179087 1.25805 0.066212
0.179695 1.16473 0.0600352
0.180304 1.13246 0.0597953
0.180912 1.12087 0.0607405
0.18152 1.15325 0.061658
0.182128 1.09139 0.0581801
0.182736 1.1157 0.0596965
0.183344 1.14466 0.0639869
0.183952 1.14422 0.0649946
0.18456 1.11926 0.0631126
0.185168 1.13188 0.0658025
0.185776 1.18887 0.0701794
0.186384 1.11161 0.0682792
0.186992 1.12151 0.0702167
0.1876 1.01953 0.062242
0.188208 1.11331 0.0671944
0.188816 1.04867 0.0606457
0.189424 1.10038 0.065278
0.190032 1.09725 0.064644
0.190641 1.12053 0.070962
0.191249 1.07543 0.0670816
0.191857 1.07159 0.0667548
0.192465 1.12286 0.07236
0.193073 1.06438 0.0691827
0.193681 1.08784 0.0712178
0.194289 1.12531 0.0789195
0.194897 1.04339 0.0792864
0.195505 1.07316 0.076056
0.196113 0.975804 0.0811507
0.196721 1.071 0.0808
0.197329 1.11895 0.0796732
0.197937 1.14204 0.0803459
0.198545 1.16638 0.0836148
0.199153 1.13846 0.0748326
0.199761 1.06468 0.0728244
0.200369 1.0305 0.0701432
0.200977 1.00355 0.0713945
0.201585 0.974013 0.0684258
0.202193 0.98421 0.0709967
0.202802 0.93418 0.0714662
0.20341 0.978489 0.0730977
0.204018 1.01556 0.0766145
0.204626 0.951465 0.0704113
0.205234 1.02723 0.0772495
0.205842 1.12739 0.0845146
0.20645 1.19959 0.0902453
0.207058 0.97791 0.0725385
0.207666 0.997367 0.0772516
0.208274 0.991872 0.0746335
0.208882 0.93507 0.0733347
0.20949 0.974763 0.0810277
0.210098 0.932885 0.0947537
0.210706 0.95113 0.130055
0.211314 0.96729 0.100851
0.211922 0.991962 0.0788765
0.21253 0.995297 0.0891518
0.213138 0.983384 0.0644334
0.213746 0.92321 0.0574069
0.214354 1.03119 0.0702493
0.214962 1.01106 0.0666208
0.21557 1.05688 0.0742812
0.216178 0.961059 0.0657794
0.216786 0.959887 0.0680027
0.217394 1.04057 0.0816878
0.218002 1.02194 0.0788574
0.21861 1.03925 0.0822186
0.219219 1.12193 0.0858621
0.219827 1.00157 0.0802915
0.220435 1.11302 0.0905035
0.221043 0.95677 0.0725072
0.221651 0.99649 0.0812877
0.222259 0.997789 0.0777307
0.222867 0.981068 0.0776144
0.223475 0.955989 0.0770565
0.224083 0.979163 0.0794062
0.224691 0.985035 0.0792078
0.225299 0.972774 0.0772602
0.225907 1.01981 0.0836794
0.226515 1.05285 0.083903
0.227123 1.00331 0.0821034
0.227731 1.14812 0.0930509
0.228339 1.07423 0.0935838
0.228947 0.928727 0.0794787
0.229555 0.951987 0.0789809
0.230163 0.939356 0.0768879
0.230771 0.996458 0.0791698
0.231379 1.04106 0.084074
0.231987 1.09736 0.0915404
0.232595 1.02284 0.0856873
0.233203 0.961647 0.0790736
0.233811 0.971607 0.0750611
0.234419 0.960587 0.0799181
0.235027 1.03396 0.0850412
0.235635 0.95969 0.079148
0.236243 0.999853 0.0907894
0.236851 1.07368 0.091203
0.237459 1.01651 0.0869894
0.238067 0.995577 0.111843
0.238675 0.922547 0.0936799
0.239283 0.95858 0.0831475
0.239891 0.976859 0.0866375
0.240499 1.00476 0.0840971
0.241107 0.914708 0.0769476
0.241715 1.03712 0.0906458
0.242323 1.06968 0.101099
0.242931 0.898419 0.0795851
0.243539 0.899723 0.0764061
0.244147 0.831022 0.0711958
0.244755 0.836297 0.0699447
0.245363 0.804079 0.0668103
0.245971 0.791629 0.0668903
0.246579 0.840903 0.070335
0.247187 0.919115 0.0749724
0.247795 0.865436 0.0702683
0.248403 0.924492 0.0851068
0.249011 1.02392 0.109017
0.249619 0.949653 0.0859291
0.250227 0.959053 0.0855225
0.250835 0.984702 0.0862177
0.251443 0.954873 0.0871931
0.252051 0.907266 0.0818344
0.252659 0.893138 0.0769928
0.253267 0.910728 0.0775197
0.253875 0.859769 0.0795942
0.254483 0.850613 0.0777556
0.255091 0.84237 0.0746094
0.255699 0.828514 0.0745766
0.256307 0.885434 0.0751513
0.256915 0.88304 0.077106
0.257523 0.93999 0.0817908
0.258131 0.940711 0.081663
0.258739 0.946404 0.0831674
0.259347 0.872849 0.0806726
0.259955 0.973827 0.0915594
0.260563 0.814493 0.07607
0.261171 0.7776 0.0708709
0.261779 0.772273 0.0690576
0.262387 0.80579 0.0784816
0.262995 0.916373 0.0833965
0.263603 0.805142 0.0721878
0.264211 0.818616 0.0725157
0.264819 0.752304 0.0686652
0.265427 0.773011 0.0752157
0.266035 0.87537 0.0764899
0.266643 0.892563 0.0826117
0.267251 0.935952 0.0862447
0.267859 0.863219 0.0729523
0.268467 0.814245 0.0676129
0.269075 0.846361 0.0735455
0.269683 0.83665 0.0697993
0.270291 0.952111 0.0807256
0.270899 0.926731 0.0760845
0.271507 0.922573 0.0747546
0.272115 0.86899 0.0712253
0.272723 0.874938 0.0730429
0.273331 0.917839 0.0793843
0.273939 0.939953 0.0799284
0.274547 0.978022 0.0821046
0.275155 0.931123 0.0798137
0.275763 0.881754 0.0763665
0.276371 0.936 0.0826231
0.276979 0.944424 0.0865622
0.277587 1.0404 0.0982174
0.278195 0.97444 0.0963875
0.278803 0.90234 0.0824701
0.279411 0.882749 0.0787287
0.280019 0.84607 0.0765273
0.280626 0.873658 0.0777996
0.281234 0.966392 0.0798985
0.281842 0.943114 0.0754794
0.28245 0.940207 0.0767635
0.283058 1.05274 0.0875329
0.283666 0.983467 0.0837812
0.284274 1.02774 0.0918041
0.284882 0.951998 0.0791958
0.28549 0.908499 0.0766223
0.286098 0.798121 0.0670975
0.286706 0.863727 0.0767047
0.287314 0.965442 0.0855137
0.287922 0.893575 0.075697
0.28853 0.860722 0.0698909
0.289138 0.829845 0.0671997
0.289746 0.834718 0.0687457
0.290354 0.832968 0.0687193
0.290962 0.904479 0.0732535
0.29157 0.81642 0.0704751
0.292178 0.92165 0.0807644
0.292786 0.812873 0.0688826
0.293394 0.83781 0.0748911
0.294002 0.861418 0.0745726
0.29461 0.81064 0.0815122
0.295217 0.826698 0.072198
0.295825 0.816423 0.0687314
0.296433 0.823884 0.0650222
0.297041 0.844277 0.0681006
0.297649 0.766839 0.0617034
0.298257 0.792195 0.064429
0.298865 0.770117 0.0645732
0.299473 0.815158 0.0699538
0.300081 0.776846 0.0654538
0.300689 0.843624 0.0699205
0.301297 0.93019 0.0710863
0.301905 0.834886 0.0683562
0.302513 0.860574 0.0703549
0.303121 0.839784 0.0667557
0.303729 0.876543 0.0762272
0.304337 0.82992 0.0702669
0.304945 0.948993 0.0826323
0.305553 1.08738e-10 9.40848e-12
0.30616 1.36648e-20 1.20195e-21
0.306768 1.70153e-30 1.42552e-31
0.307376 2.00272e-40 1.70646e-41
0.307984 2.31129e-50 1.978e-51
0.308592 2.65555e-60 2.37855e-61
0.3092 3.09244e-70 2.76601e-71
0.309808 3.82887e-80 3.60078e-81
0.310416 4.48403e-90 4.13445e-91
0.311024 5.36904e-100 4.70872e-101
0.311632 6.74945e-110 5.82587e-111
0.31224 7.93589e-120 6.90017e-121
0.312848 9.56005e-130 8.56923e-131
0.313456 1.09047e-139 9.75188e-141
0.314064 1.48629e-149 1.26113e-150
0.314671 1.70231e-159 1.4586e-160
0.315279 2.01805e-169 1.78801e-170
0.315887 2.39226e-179 2.2009e-180
0.316495 2.82624e-189 2.71327e-190
