0.01125 1 0.0130621
0.011859 1.00877 0.0106692
0.012467 1.00167 0.0104765
0.013075 0.995845 0.0108337
0.013683 0.996149 0.0122866
0.014291 0.99357 0.00976309
0.014899 0.988359 0.00837924
0.015507 0.985746 0.00808499
0.016115 0.985256 0.00756674
0.016724 0.98847 0.00744786
0.017332 0.987649 0.00752159
0.01794 0.9834 0.00774867
0.018548 0.981745 0.00713461
0.019156 0.981995 0.00699084
0.019764 0.976345 0.00713386
0.020372 0.973713 0.00624803
0.02098 0.978 0.00578562
0.021589 0.976929 0.00573003
0.022197 0.975165 0.00523496
0.022805 0.975726 0.00533434
0.023413 0.972795 0.00559869
0.024021 0.97419 0.00558919
0.024629 0.976637 0.0055885
0.025237 0.975231 0.00576623
0.025845 0.975235 0.00544427
0.026454 0.971587 0.00556049
0.027062 0.970361 0.00544792
0.02767 0.96681 0.00530386
0.028278 0.967418 0.00555733
0.028886 0.96543 0.00574751
0.029494 0.962896 0.00558268
0.030102 0.961914 0.00538916
0.03071 0.963294 0.00531601
0.031319 0.965658 0.00524346
0.031927 0.96662 0.0050282
0.032535 0.964957 0.00489243
0.033143 0.963133 0.00494381
0.033751 0.963574 0.00508056
0.034359 0.959572 0.00537509
0.034967 0.960581 0.00557149
0.035575 0.957273 0.00538187
0.036184 0.95592 0.00530742
0.036792 0.951674 0.00517489
0.0374 0.951009 0.00521719
0.038008 0.951922 0.00551685
0.038616 0.954494 0.00562174
0.039224 0.954528 0.00546528
0.039832 0.948616 0.00573316
0.04044 0.940151 0.00603085
0.041049 0.943191 0.00514546
0.041657 0.94817 0.00473435
0.042265 0.947614 0.00475794
0.042873 0.947828 0.00467689
0.043481 0.947123 0.00475433
0.044089 0.944803 0.00464257
0.044697 0.945612 0.00452028
0.045305 0.942136 0.0044227
0.045914 0.940006 0.00456508
0.046522 0.936038 0.00454875
0.04713 0.935008 0.00475818
0.047738 0.937635 0.00514675
0.048346 0.937043 0.00538782
0.048954 0.934777 0.00555386
0.049562 0.934114 0.0056371
0.05017 0.934428 0.0055739
0.050779 0.932126 0.00549292
0.051387 0.930164 0.00578236
0.051995 0.929659 0.00589179
0.052603 0.927641 0.00593036
0.053211 0.925417 0.0058207
0.053819 0.922181 0.00567449
0.054427 0.920977 0.00566746
0.055035 0.921199 0.00562537
0.055644 0.919045 0.00551689
0.056252 0.915394 0.00559925
0.05686 0.913404 0.00640595
0.057468 0.914055 0.0068231
0.058076 0.918462 0.0070326
0.058684 0.925595 0.00757333
0.059292 0.923409 0.00762958
0.0599 0.914182 0.00754743
0.060509 0.906682 0.00745749
0.061117 0.899238 0.00745992
0.061725 0.900865 0.00794485
0.062333 0.905201 0.00832432
0.062941 0.906207 0.00835163
0.063549 0.907795 0.00824896
0.064157 0.90415 0.00846463
0.064765 0.9049 0.00862831
0.065374 0.915518 0.0092268
0.065982 0.922731 0.00906335
0.06659 0.921279 0.00962298
0.067198 0.918276 0.0102298
0.067806 0.917234 0.0101495
0.068414 0.922989 0.0102478
0.069022 0.928263 0.010257
0.06963 0.926785 0.010388
0.070238 0.922982 0.0108407
0.070847 0.923991 0.0117485
0.071455 0.91916 0.00982037
0.072063 0.917447 0.009672
0.072671 0.922762 0.00988611
0.073279 0.924087 0.0102668
0.073887 0.920234 0.0102757
0.074495 0.916087 0.0103347
0.075103 0.910124 0.0106958
0.075712 0.910918 0.0114552
0.07632 0.923554 0.0145481
0.076928 0.925355 0.021651
0.077536 0.933512 0.0216684
0.078144 0.935456 0.0151709
0.078752 0.941346 0.0130836
0.07936 0.948039 0.0124186
0.079968 0.946207 0.0123155
0.080576 0.949907 0.0127034
0.081185 0.954663 0.0137041
0.081793 0.962604 0.0145943
0.082401 0.962217 0.0148636
0.083009 0.968552 0.0151631
0.083617 0.975305 0.0152741
0.084225 0.986445 0.0157829
0.084833 0.986771 0.0161433
0.085441 0.98532 0.0164146
0.086049 0.982983 0.0165886
0.086658 0.998858 0.0172413
0.087266 0.995168 0.0170349
0.087874 0.993537 0.0170167
0.088482 1.01087 0.0172675
0.08909 1.0094 0.0181293
0.089698 1.00063 0.0188605
0.090306 1.00149 0.0195308
0.090914 0.999277 0.01976
0.091522 0.993183 0.0200838
0.092131 0.983848 0.0196279
0.092739 0.99127 0.019528
0.093347 0.979061 0.0196547
0.093955 0.978264 0.0201492
0.094563 0.968955 0.0210346
0.095171 0.988826 0.021324
0.095779 1.02256 0.0215499
0.096387 1.02449 0.022077
0.096995 1.0382 0.0233526
0.097604 1.03424 0.0235616
0.098212 1.02049 0.0237896
0.09882 1.02211 0.0238252
0.099428 1.0503 0.0245386
0.100036 1.05459 0.0237091
0.100644 1.05939 0.023863
0.101252 1.07524 0.0271509
0.10186 1.06804 0.0209141
0.102468 1.05549 0.0211057
0.103077 1.05953 0.0223673
0.103685 1.04073 0.0220835
0.104293 1.02875 0.0212132
0.104901 1.01181 0.0210406
0.105509 1.0142 0.0210058
0.106117 1.01099 0.0213437
0.106725 1.01172 0.0216403
0.107333 1.03228 0.0220983
0.107941 1.04973 0.0225011
0.10855 1.04927 0.0229536
0.109158 1.06096 0.0239717
0.109766 1.06063 0.0250074
0.110374 1.0416 0.0250168
0.110982 1.05266 0.0252503
0.11159 1.03788 0.0251699
0.112198 1.03229 0.0253888
0.112806 1.03001 0.0259131
0.113414 1.0323 0.0260063
0.114022 1.01864 0.026745
0.114631 1.00998 0.0272817
0.115239 1.00782 0.0265255
0.115847 1.02091 0.0259675
0.116455 1.02434 0.0256224
0.117063 1.02285 0.0266831
0.117671 1.0142 0.0288973
0.118279 1.03142 0.0302052
0.118887 1.02299 0.0305487
0.119495 1.03063 0.0320469
0.120103 1.04417 0.0257448
0.120712 1.07487 0.0240684
0.12132 1.09035 0.0245412
0.121928 1.09549 0.0244328
0.122536 1.07174 0.0243642
0.123144 1.03721 0.0235714
0.123752 1.01096 0.0235608
0.12436 1.00914 0.0238483
0.124968 1.01451 0.023972
0.125576 1.00886 0.0239503
0.126184 1.01335 0.0246143
0.126793 1.02114 0.0246471
0.127401 1.02539 0.0263457
0.128009 1.04236 0.0262603
0.128617 1.04866 0.0276171
0.129225 1.021 0.0264999
0.129833 1.0476 0.0275397
0.130441 1.00183 0.025991
0.131049 1.00851 0.026971
0.131657 1.02247 0.0281941
0.132265 1.02217 0.03001
0.132873 1.02401 0.0300212
0.133482 1.02652 0.0295756
0.13409 1.07828 0.0318301
0.134698 1.05353 0.0314134
0.135306 1.0641 0.0318966
0.135914 1.06118 0.0331516
0.136522 1.02688 0.0317247
0.13713 1.01757 0.0317901
0.137738 1.02023 0.0322073
0.138346 1.00905 0.0320315
0.138954 1.02318 0.0322364
0.139562 1.01337 0.0322166
0.140171 1.02556 0.033432
0.140779 1.02189 0.0330467
0.141387 1.04008 0.0349406
0.141995 1.05819 0.0336674
0.142603 1.04275 0.0347528
0.143211 1.06591 0.0360275
0.143819 1.03925 0.0350329
0.144427 1.0424 0.0343486
0.145035 1.05657 0.0360206
0.145643 1.01871 0.03428
0.146251 1.02882 0.0349846
0.14686 1.0064 0.0350823
0.147468 1.04525 0.0374125
0.148076 1.03238 0.0384583
0.148684 1.08572 0.0383598
0.149292 1.12259 0.039716
0.1499 1.11373 0.0385693
0.150508 1.12387 0.0410165
0.151116 1.13356 0.0415186
0.151724 1.06285 0.0393148
0.152332 1.04852 0.0381194
0.15294 1.03522 0.0372566
0.153548 1.02403 0.0369364
0.154156 1.07864 0.0416409
0.154765 1.0636 0.0402978
0.155373 1.0736 0.0408753
0.155981 1.03618 0.0385801
0.156589 1.05735 0.0411414
0.157197 1.10316 0.0444514
0.157805 1.08933 0.0421801
0.158413 1.12706 0.0448843
0.159021 1.1415 0.0445821
0.159629 1.06015 0.0413599
0.160237 1.08337 0.0440473
0.160845 1.10219 0.0441463
0.161453 1.12451 0.0453942
0.162061 1.15374 0.0471319
0.16267 1.11209 0.0450535
0.163278 1.12022 0.0456166
0.163886 1.08402 0.0447005
0.164494 1.08479 0.0446705
0.165102 1.07156 0.0450537
0.16571 1.07304 0.0448243
0.166318 1.06582 0.0462491
0.166926 1.08456 0.0467286
0.167534 1.06208 0.0472076
0.168142 1.0704 0.0485628
0.16875 1.08838 0.0505115
0.169358 1.135 0.0522673
0.169966 1.11024 0.0524833
0.170574 1.09852 0.0496495
0.171183 1.0291 0.0455115
0.171791 0.983544 0.0440635
0.172399 1.03604 0.048624
0.173007 1.05953 0.0494789
0.173615 0.99791 0.0485879
0.174223 1.02283 0.0526019
0.174831 1.01311 0.0533647
0.175439 1.03233 0.0522407
0.176047 1.02845 0.0513939
0.176655 1.08578 0.0556553
0.177263 1.09217 0.0585342
0.177871 1.07596 0.0572505
0.178479 1.11063 0.058973
0.179087 1.14637 0.0603342
0.179695 1.06133 0.0547057
0.180304 1.03193 0.0544871
0.180912 1.02137 0.0553484
0.18152 1.05087 0.0561845
0.182128 0.994506 0.0530153
0.182736 1.01666 0.0543971
0.183344 1.04305 0.0583066
0.183952 1.04264 0.0592249
0.18456 1.0199 0.0575099
0.185168 1.0314 0.059961
0.185776 1.08333 0.0639494
0.186384 1.01293 0.0622179
0.186992 1.02195 0.0639834
0.1876 0.929022 0.0567166
0.188208 1.01448 0.0612294
0.188816 0.955579 0.055262
0.189424 1.0027 0.0594831
0.190032 0.999846 0.0589054
0.190641 1.02106 0.0646625
0.191249 0.979962 0.0611266
0.191857 0.976462 0.0608288
0.192465 1.02318 0.0659364
0.193073 0.969889 0.0630412
0.193681 0.991271 0.0648956
0.194289 1.02541 0.0719136
0.194897 0.950769 0.0722479
0.195505 0.977889 0.0693043
0.196113 0.889179 0.0739467
0.196721 0.975928 0.0736272
0.197329 1.01962 0.0726004
0.197937 1.04066 0.0732134
0.198545 1.06284 0.0761921
0.199153 1.0374 0.0681895
0.199761 0.970165 0.0663596
0.200369 0.939021 0.0639164
0.200977 0.914465 0.0650566
0.201585 0.887547 0.0623515
0.202193 0.896839 0.0646941
0.202802 0.85125 0.065122
0.20341 0.891626 0.0666086
0.204018 0.925404 0.0698132
0.204626 0.867001 0.0641607
0.205234 0.936041 0.0703919
0.205842 1.02731 0.077012
0.20645 1.0931 0.082234
0.207058 0.891098 0.0660991
0.207666 0.908828 0.0703938
0.208274 0.903821 0.0680081
0.208882 0.852061 0.0668246
0.20949 0.888231 0.0738347
0.210098 0.85007 0.0863422
0.210706 0.866696 0.11851
0.211314 0.881421 0.0918984
0.211922 0.903903 0.0718744
0.21253 0.906942 0.0812376
0.213138 0.896086 0.0587135
0.213746 0.841254 0.0523107
0.214354 0.93965 0.0640131
0.214962 0.92131 0.0607067
0.21557 0.963054 0.0676871
0.216178 0.875743 0.05994
0.216786 0.874675 0.0619659
0.217394 0.948196 0.0744362
0.218002 0.931217 0.071857
0.21861 0.946996 0.0749198
0.219219 1.02233 0.0782399
0.219827 0.912658 0.0731638
0.220435 1.01421 0.0824693
0.221043 0.871835 0.0660705
0.221651 0.908029 0.0740716
0.222259 0.909213 0.0708303
0.222867 0.893976 0.0707244
0.223475 0.871123 0.070216
0.224083 0.89224 0.0723571
0.224691 0.897591 0.0721763
0.225299 0.886418 0.0704016
0.225907 0.929277 0.076251
0.226515 0.959385 0.0764547
0.227123 0.914243 0.0748149
0.227731 1.0462 0.0847905
0.228339 0.97887 0.0852761
0.228947 0.846281 0.0724232
0.229555 0.867477 0.0719696
0.230163 0.855967 0.0700624
0.230771 0.908 0.0721417
0.231379 0.948644 0.0766105
0.231987 0.99994 0.0834141
0.232595 0.932036 0.0780806
0.233203 0.876279 0.072054
0.233811 0.885355 0.0683977
0.234419 0.875313 0.0728236
0.235027 0.942174 0.0774919
0.235635 0.874496 0.0721218
0.236243 0.911093 0.0827298
0.236851 0.978364 0.0831067
0.237459 0.926271 0.0792671
0.238067 0.907197 0.101914
0.238675 0.84065 0.0853637
0.239283 0.873484 0.0757663
0.239891 0.890141 0.0789465
0.240499 0.915569 0.0766316
0.241107 0.833507 0.0701168
0.241715 0.945056 0.0825989
0.242323 0.974722 0.0921243
0.242931 0.818664 0.0725201
0.243539 0.819852 0.0696233
0.244147 0.75725 0.0648756
0.244755 0.762057 0.0637355
0.245363 0.732699 0.0608794
0.245971 0.721354 0.0609523
0.246579 0.766254 0.0640912
0.247187 0.837523 0.0683169
0.247795 0.788609 0.0640304
0.248403 0.842422 0.0775516
0.249011 0.933027 0.0993397
0.249619 0.86535 0.0783009
0.250227 0.873915 0.0779304
0.250835 0.897287 0.0785639
0.251443 0.870106 0.0794527
0.252051 0.826726 0.0745697
0.252659 0.813852 0.0701579
0.253267 0.82988 0.0706381
0.253875 0.783445 0.0725284
0.254483 0.775102 0.070853
0.255091 0.767591 0.0679861
0.255699 0.754965 0.0679562
0.256307 0.806832 0.0684799
0.256915 0.80465 0.0702611
0.257523 0.856545 0.07453
0.258131 0.857202 0.0744136
0.258739 0.862389 0.0757844
0.259347 0.795364 0.0735111
0.259955 0.887378 0.0834314
0.260563 0.742188 0.0693171
0.261171 0.70857 0.0645795
0.261779 0.703716 0.0629272
0.262387 0.734258 0.0715146
0.262995 0.835024 0.0759932
0.263603 0.733667 0.0657795
0.264211 0.745945 0.0660783
0.264819 0.68552 0.0625696
0.265427 0.704389 0.0685386
0.266035 0.797661 0.0696997
0.266643 0.813328 0.075278
0.267251 0.852865 0.0785885
0.267859 0.786589 0.0664761
0.268467 0.741962 0.0616107
0.269075 0.771227 0.0670167
0.269683 0.762378 0.063603
0.270291 0.86759 0.0735594
0.270899 0.844463 0.0693303
0.271507 0.840674 0.0681184
0.272115 0.791847 0.0649024
0.272723 0.797267 0.0665587
0.273331 0.83636 0.0723371
0.273939 0.856511 0.0728329
0.274547 0.8912 0.074816
0.275155 0.848465 0.0727284
0.275763 0.803478 0.0695872
0.276371 0.852909 0.0752884
0.276979 0.860585 0.0788778
0.277587 0.948043 0.0894984
0.278195 0.887936 0.0878309
0.278803 0.822237 0.075149
0.279411 0.804385 0.0717397
0.280019 0.770962 0.0697338
0.280626 0.796101 0.0708931
0.281234 0.880603 0.0728057
0.281842 0.859391 0.0687789
0.28245 0.856742 0.069949
0.283058 0.95929 0.0797624
0.283666 0.896162 0.0763437
0.284274 0.936509 0.0836544
0.284882 0.867487 0.0721654
0.28549 0.827849 0.0698203
0.286098 0.72727 0.0611411
0.286706 0.787052 0.0698954
0.287314 0.879737 0.0779224
0.287922 0.81425 0.0689772
0.28853 0.784313 0.0636865
0.289138 0.756177 0.0612342
0.289746 0.760618 0.062643
0.290354 0.759023 0.0626189
0.290962 0.824186 0.0667506
0.29157 0.743944 0.0642188
0.292178 0.839833 0.0735947
0.292786 0.740712 0.0627677
0.293394 0.763435 0.0682428
0.294002 0.784948 0.0679526
0.29461 0.738677 0.0742761
0.295217 0.75331 0.0657888
0.295825 0.743947 0.0626299
0.296433 0.750746 0.05925
0.297041 0.769328 0.0620551
0.297649 0.698765 0.0562258
0.298257 0.72187 0.0587095
0.298865 0.701752 0.0588409
0.299473 0.742794 0.0637438
0.300081 0.707883 0.0596433
0.300689 0.768733 0.0637135
0.301297 0.847615 0.0647758
0.301905 0.760771 0.062288
0.302513 0.784179 0.0641093
0.303121 0.765234 0.0608296
0.303729 0.79873 0.0694603
0.304337 0.756246 0.0640291
0.304945 0.864748 0.0752968
0.305553 9.90853e-11 8.57326e-12
0.30616 1.24517e-20 1.09525e-21
0.306768 1.55048e-30 1.29897e-31
0.307376 1.82493e-40 1.55497e-41
0.307984 2.10611e-50 1.80241e-51
0.308592 2.41981e-60 2.1674e-61
0.3092 2.81792e-70 2.52046e-71
0.309808 3.48897e-80 3.28113e-81
0.310416 4.08597e-90 3.76742e-91
0.311024 4.89242e-100 4.29071e-101
0.311632 6.15028e-110 5.30869e-111
0.31224 7.2314e-120 6.28762e-121
0.312848 8.71138e-130 7.80852e-131
0.313456 9.93666e-140 8.88618e-141
0.314064 1.35435e-149 1.14918e-150
0.314671 1.55119e-159 1.32912e-160
0.315279 1.8389e-169 1.62928e-170
0.315887 2.17989e-179 2.00552e-180
0.316495 2.57535e-189 2.47241e-190
