0.011781 1.09332 0.0014497
0.0196349 1.07524 0.0147021
0.0274889 1.06337 0.00675879
0.0353429 1.05144 0.00695271
0.0431969 1.03627 0.00866892
0.0510508 1.02154 0.00989027
0.0589048 1.0026 0.0107895
0.0667588 1.00618 0.0114333
0.0746128 1.01154 0.00401909
0.0824667 1.05946 0.0345992
0.0903207 1.09192 0.0136649
0.0981747 1.1335 0.0419032
0.106029 1.13846 0.0234446
0.113883 1.12659 0.0215233
0.121737 1.1432 0.028205
0.129591 1.12486 0.029114
0.137445 1.13536 0.0257282
0.145299 1.1449 0.0208851
0.153153 1.17962 0.0479463
0.161006 1.21443 0.0457599
0.16886 1.1741 0.0377836
0.176714 1.16144 0.049466
0.184568 1.12124 0.0573876
0.192422 1.07743 0.0453849
0.200276 1.04785 0.0658432
0.20813 1.00199 0.0711499
0.215984 1.01133 0.0487473
0.223838 1.01248 0.0533229
0.231692 0.998318 0.0613439
0.239546 0.986768 0.049336
0.2474 0.894618 0.0877191
0.255254 0.895604 0.0575938
0.263108 0.834632 0.0763114
0.270962 0.898276 0.0746718
0.278816 0.927898 0.0455878
0.28667 0.907967 0.0714386
0.294524 0.833508 0.0533527
0.302378 0.717433 0.109796
0.310232 1.30887e-31 0.540904
