0.01125
0.011859
0.012467
0.013075
0.013683
0.014291
0.014899
0.015507
0.016115
0.016724
0.017332
0.01794
0.018548
0.019156
0.019764
0.020372
0.02098
0.021589
0.022197
0.022805
0.023413
0.024021
0.024629
0.025237
0.025845
0.026454
0.027062
0.02767
0.028278
0.028886
0.029494
0.030102
0.03071
0.031319
0.031927
0.032535
0.033143
0.033751
0.034359
0.034967
0.035575
0.036184
0.036792
0.0374
0.038008
0.038616
0.039224
0.039832
0.04044
0.041049
0.041657
0.042265
0.042873
0.043481
0.044089
0.044697
0.045305
0.045914
0.046522
0.04713
0.047738
0.048346
0.048954
0.049562
0.05017
0.050779
0.051387
0.051995
0.052603
0.053211
0.053819
0.054427
0.055035
0.055644
0.056252
0.05686
0.057468
0.058076
0.058684
0.059292
0.0599
0.060509
0.061117
0.061725
0.062333
0.062941
0.063549
0.064157
0.064765
0.065374
0.065982
0.06659
0.067198
0.067806
0.068414
0.069022
0.06963
0.070238
0.070847
0.071455
0.072063
0.072671
0.073279
0.073887
0.074495
0.075103
0.075712
0.07632
0.076928
0.077536
0.078144
0.078752
0.07936
0.079968
0.080576
0.081185
0.081793
0.082401
0.083009
0.083617
0.084225
0.084833
0.085441
0.086049
0.086658
0.087266
0.087874
0.088482
0.08909
0.089698
0.090306
0.090914
0.091522
0.092131
0.092739
0.093347
0.093955
0.094563
0.095171
0.095779
0.096387
0.096995
0.097604
0.098212
0.09882
0.099428
0.100036
0.100644
0.101252
0.10186
0.102468
0.103077
0.103685
0.104293
0.104901
0.105509
0.106117
0.106725
0.107333
0.107941
0.10855
0.109158
0.109766
0.110374
0.110982
0.11159
0.112198
0.112806
0.113414
0.114022
0.114631
0.115239
0.115847
0.116455
0.117063
0.117671
0.118279
0.118887
0.119495
0.120103
0.120712
0.12132
0.121928
0.122536
0.123144
0.123752
0.12436
0.124968
0.125576
0.126184
0.126793
0.127401
0.128009
0.128617
0.129225
0.129833
0.130441
0.131049
0.131657
0.132265
0.132873
0.133482
0.13409
0.134698
0.135306
0.135914
0.136522
0.13713
0.137738
0.138346
0.138954
0.139562
0.140171
0.140779
0.141387
0.141995
0.142603
0.143211
0.143819
0.144427
0.145035
0.145643
0.146251
0.14686
0.147468
0.148076
0.148684
0.149292
0.1499
0.150508
0.151116
0.151724
0.152332
0.15294
0.153548
0.154156
0.154765
0.155373
0.155981
0.156589
0.157197
0.157805
0.158413
0.159021
0.159629
0.160237
0.160845
0.161453
0.162061
0.16267
0.163278
0.163886
0.164494
0.165102
0.16571
0.166318
0.166926
0.167534
0.168142
0.16875
0.169358
0.169966
0.170574
0.171183
0.171791
0.172399
0.173007
0.173615
0.174223
0.174831
0.175439
0.176047
0.176655
0.177263
0.177871
0.178479
0.179087
0.179695
0.180304
0.180912
0.18152
0.182128
0.182736
0.183344
0.183952
0.18456
0.185168
0.185776
0.186384
0.186992
0.1876
0.188208
0.188816
0.189424
0.190032
0.190641
0.191249
0.191857
0.192465
0.193073
0.193681
0.194289
0.194897
0.195505
0.196113
0.196721
0.197329
0.197937
0.198545
0.199153
0.199761
0.200369
0.200977
0.201585
0.202193
0.202802
0.20341
0.204018
0.204626
0.205234
0.205842
0.20645
0.207058
0.207666
0.208274
0.208882
0.20949
0.210098
0.210706
0.211314
0.211922
0.21253
0.213138
0.213746
0.214354
0.214962
0.21557
0.216178
0.216786
0.217394
0.218002
0.21861
0.219219
0.219827
0.220435
0.221043
0.221651
0.222259
0.222867
0.223475
0.224083
0.224691
0.225299
0.225907
0.226515
0.227123
0.227731
0.228339
0.228947
0.229555
0.230163
0.230771
0.231379
0.231987
0.232595
0.233203
0.233811
0.234419
0.235027
0.235635
0.236243
0.236851
0.237459
0.238067
0.238675
0.239283
0.239891
0.240499
0.241107
0.241715
0.242323
0.242931
0.243539
0.244147
0.244755
0.245363
0.245971
0.246579
0.247187
0.247795
0.248403
0.249011
0.249619
0.250227
0.250835
0.251443
0.252051
0.252659
0.253267
0.253875
0.254483
0.255091
0.255699
0.256307
0.256915
0.257523
0.258131
0.258739
0.259347
0.259955
0.260563
0.261171
0.261779
0.262387
0.262995
0.263603
0.264211
0.264819
0.265427
0.266035
0.266643
0.267251
0.267859
0.268467
0.269075
0.269683
0.270291
0.270899
0.271507
0.272115
0.272723
0.273331
0.273939
0.274547
0.275155
0.275763
0.276371
0.276979
0.277587
0.278195
0.278803
0.279411
0.280019
0.280626
0.281234
0.281842
0.28245
0.283058
0.283666
0.284274
0.284882
0.28549
0.286098
0.286706
0.287314
0.287922
0.28853
0.289138
0.289746
0.290354
0.290962
0.29157
0.292178
0.292786
0.293394
0.294002
0.29461
0.295217
0.295825
0.296433
0.297041
0.297649
0.298257
0.298865
0.299473
0.300081
0.300689
0.301297
0.301905
0.302513
0.303121
0.303729
0.304337
0.304945
0.305553
0.30616
0.306768
0.307376
0.307984
0.308592
0.3092
0.309808
0.310416
0.311024
0.311632
0.31224
0.312848
0.313456
0.314064
0.314671
0.315279
0.315887
0.316495
