1.09742
1.10705
1.09925
1.09286
1.09319
1.09036
1.08465
1.08178
1.08124
1.08477
1.08387
1.0792
1.07739
1.07766
1.07146
1.06857
1.07328
1.0721
1.07017
1.07078
1.06757
1.0691
1.07178
1.07024
1.07024
1.06624
1.06489
1.061
1.06166
1.05948
1.0567
1.05562
1.05714
1.05973
1.06079
1.05896
1.05696
1.05745
1.05305
1.05416
1.05053
1.04905
1.04439
1.04366
1.04466
1.04748
1.04752
1.04103
1.03174
1.03508
1.04054
1.03993
1.04017
1.03939
1.03685
1.03773
1.03392
1.03158
1.02723
1.0261
1.02898
1.02833
1.02584
1.02512
1.02546
1.02293
1.02078
1.02023
1.01801
1.01557
1.01202
1.0107
1.01094
1.00858
1.00457
1.00239
1.0031
1.00794
1.01577
1.01337
1.00324
0.995012
0.986843
0.988628
0.993387
0.994491
0.996233
0.992233
0.993056
1.00471
1.01262
1.01103
1.00774
1.00659
1.01291
1.0187
1.01707
1.0129
1.01401
1.00871
1.00683
1.01266
1.01411
1.00988
1.00533
0.998789
0.999661
1.01353
1.0155
1.02446
1.02659
1.03305
1.0404
1.03839
1.04245
1.04767
1.05638
1.05596
1.06291
1.07032
1.08255
1.0829
1.08131
1.07875
1.09617
1.09212
1.09033
1.10935
1.10774
1.09811
1.09906
1.09663
1.08994
1.0797
1.08784
1.07444
1.07357
1.06335
1.08516
1.12218
1.1243
1.13934
1.135
1.11991
1.12168
1.15262
1.15733
1.1626
1.17999
1.17209
1.15832
1.16275
1.14212
1.12897
1.11038
1.113
1.10948
1.11028
1.13285
1.152
1.15149
1.16432
1.16396
1.14307
1.15521
1.13899
1.13286
1.13035
1.13287
1.11788
1.10837
1.106
1.12037
1.12413
1.1225
1.113
1.1319
1.12265
1.13103
1.14589
1.17958
1.19657
1.20221
1.17615
1.13826
1.10945
1.10745
1.11334
1.10714
1.11207
1.12062
1.12528
1.14391
1.15082
1.12047
1.14966
1.09943
1.10676
1.12208
1.12175
1.12377
1.12652
1.18333
1.15617
1.16777
1.16456
1.12692
1.1167
1.11962
1.10735
1.12286
1.11209
1.12547
1.12144
1.14141
1.16128
1.14434
1.16975
1.14049
1.14395
1.1595
1.11795
1.12905
1.10444
1.14708
1.13296
1.19149
1.23195
1.22223
1.23336
1.24399
1.16639
1.15067
1.13607
1.12379
1.18372
1.16722
1.17819
1.13713
1.16036
1.21063
1.19545
1.23686
1.25271
1.16343
1.18891
1.20957
1.23406
1.26614
1.22043
1.22935
1.18963
1.19047
1.17595
1.17758
1.16965
1.19022
1.16555
1.17468
1.19441
1.24557
1.2184
1.20554
1.12936
1.07936
1.13697
1.16275
1.09513
1.12248
1.11181
1.1329
1.12864
1.19156
1.19857
1.18078
1.21883
1.25805
1.16473
1.13246
1.12087
1.15325
1.09139
1.1157
1.14466
1.14422
1.11926
1.13188
1.18887
1.11161
1.12151
1.01953
1.11331
1.04867
1.10038
1.09725
1.12053
1.07543
1.07159
1.12286
1.06438
1.08784
1.12531
1.04339
1.07316
0.975804
1.071
1.11895
1.14204
1.16638
1.13846
1.06468
1.0305
1.00355
0.974013
0.98421
0.93418
0.978489
1.01556
0.951465
1.02723
1.12739
1.19959
0.97791
0.997367
0.991872
0.93507
0.974763
0.932885
0.95113
0.96729
0.991962
0.995297
0.983384
0.92321
1.03119
1.01106
1.05688
0.961059
0.959887
1.04057
1.02194
1.03925
1.12193
1.00157
1.11302
0.95677
0.99649
0.997789
0.981068
0.955989
0.979163
0.985035
0.972774
1.01981
1.05285
1.00331
1.14812
1.07423
0.928727
0.951987
0.939356
0.996458
1.04106
1.09736
1.02284
0.961647
0.971607
0.960587
1.03396
0.95969
0.999853
1.07368
1.01651
0.995577
0.922547
0.95858
0.976859
1.00476
0.914708
1.03712
1.06968
0.898419
0.899723
0.831022
0.836297
0.804079
0.791629
0.840903
0.919115
0.865436
0.924492
1.02392
0.949653
0.959053
0.984702
0.954873
0.907266
0.893138
0.910728
0.859769
0.850613
0.84237
0.828514
0.885434
0.88304
0.93999
0.940711
0.946404
0.872849
0.973827
0.814493
0.7776
0.772273
0.80579
0.916373
0.805142
0.818616
0.752304
0.773011
0.87537
0.892563
0.935952
0.863219
0.814245
0.846361
0.83665
0.952111
0.926731
0.922573
0.86899
0.874938
0.917839
0.939953
0.978022
0.931123
0.881754
0.936
0.944424
1.0404
0.97444
0.90234
0.882749
0.84607
0.873658
0.966392
0.943114
0.940207
1.05274
0.983467
1.02774
0.951998
0.908499
0.798121
0.863727
0.965442
0.893575
0.860722
0.829845
0.834718
0.832968
0.904479
0.81642
0.92165
0.812873
0.83781
0.861418
0.81064
0.826698
0.816423
0.823884
0.844277
0.766839
0.792195
0.770117
0.815158
0.776846
0.843624
0.93019
0.834886
0.860574
0.839784
0.876543
0.82992
0.948993
1.08738e-10
1.36648e-20
1.70153e-30
2.00272e-40
2.31129e-50
2.65555e-60
3.09244e-70
3.82887e-80
4.48403e-90
5.36904e-100
6.74945e-110
7.93589e-120
9.56005e-130
1.09047e-139
1.48629e-149
1.70231e-159
2.01805e-169
2.39226e-179
2.82624e-189
